5 11
3 5
3 2
1 -1
5 3
2 -5
3 -1
3 -4
1 4
5 -2
4 3
3 -5
5 5
1 -3
3 -1
4 -3
1 3
4 -3
5 12
2 1
4 -5
4 -1
4 3
5 1
1 2
5 -1
5 -1
1 -5
5 -4
5 4
1 -4
5 3
5 -3
2 -1
5 -3
5 2
4 -3
5 3
6 11
4 -3
3 -5
6 -2
6 -3
1 6
4 1
4 3
6 -5
3 -4
5 -6
3 -5
6 17
6 4
6 -6
1 -6
5 1
5 -3
5 3
1 3
1 2
2 1
5 2
2 -3
6 1
5 -4
5 -4
4 3
1 2
1 6
6 4
4 -5
4 4
3 -1
5 6
6 2
3 3
1 5
6 14
2 -5
3 -5
5 -6
2 -5
1 -6
5 -5
3 5
4 -1
1 -1
2 -5
3 6
1 1
4 -6
6 -1
7 10
1 -4
7 3
1 -1
5 6
1 1
6 2
5 -2
5 6
2 7
2 -7
7 6
5 -6
5 3
3 3
1 -3
3 -1
2 5
7 2
7 3
7 1
7 3
2 2
5 -3
5 -4
7 1
3 -3
8 13
3 -8
3 4
5 -6
6 4
2 1
3 -4
5 2
6 -4
7 3
1 -4
1 -2
6 -6
5 -1
8 19
3 -1
3 -5
6 3
2 3
1 -5
7 -6
4 -6
4 -2
3 -7
4 -2
2 6
2 5
3 -7
8 8
4 7
3 -5
2 -8
4 2
3 4
8 16
6 6
5 -2
5 -1
1 3
4 -6
5 -5
2 -5
5 3
1 6
8 -6
6 3
8 -4
1 -5
7 8
4 2
1 2
8 6
7 8
4 -5
6 6
2 -4
7 -7
6 -2
8 10
4 -3
5 6
8 1
4 2
1 5
5 5
3 6
2 8
7 4
3 -8
9 14
8 -6
3 2
2 9
5 -7
1 1
6 -6
4 9
2 9
1 -5
9 2
6 2
7 7
8 2
2 2
9 15
8 -2
8 2
1 8
7 -5
4 5
6 5
3 3
8 -3
4 -6
2 -6
7 -9
8 7
9 1
4 -6
3 -6
9 11
9 2
8 -8
1 -3
4 9
2 3
2 8
2 -6
1 -7
4 8
4 -1
6 1
9 10
9 3
3 7
6 -1
2 -2
7 9
3 9
4 5
1 -3
8 9
9 -6
9 6
2 3
7 -5
2 -7
6 5
2 -4
3 7
10 12
7 2
5 -9
9 -1
6 2
7 -4
7 9
8 3
5 8
6 5
8 -6
2 7
10 7
10 14
9 -10
8 7
8 -7
9 -1
9 1
10 -9
2 -6
4 9
7 9
7 6
7 6
2 10
7 1
8 5
10 13
5 -6
7 -7
8 -5
9 6
5 3
2 10
3 -2
9 -7
8 -10
5 2
9 4
3 2
5 1
10 18
1 10
6 1
6 -5
2 -5
7 -6
4 -6
1 1
10 2
9 -10
6 -3
5 -1
4 -4
2 6
9 -7
7 5
6 2
7 4
6 9
10 17
9 -1
3 3
9 -2
3 9
8 -1
5 -9
6 4
4 10
6 5
3 8
7 -2
2 1
2 5
9 -8
8 -4
6 10
9 -8
11 15
7 -5
1 1
1 5
8 5
5 7
10 4
7 10
4 2
2 -1
6 -6
3 11
9 -5
7 -6
9 -7
7 -10
11 12
3 -8
3 8
9 9
1 -11
10 -4
4 1
11 10
4 -9
9 1
7 3
4 -1
5 -7
11 13
7 -10
3 -7
10 2
5 -11
8 6
1 1
6 1
11 -10
7 3
4 -2
2 -7
9 3
9 -3
11 7
10 2
5 -11
3 -11
3 -8
5 2
7 5
6 5
11 12
2 -1
3 -11
9 1
8 -8
8 3
9 11
2 -1
5 8
1 -7
7 6
10 -9
6 10
12 10
5 4
10 -12
3 -10
11 4
9 12
7 8
3 7
5 10
8 -11
8 3
12 15
12 7
5 8
2 8
9 -3
4 3
3 5
6 6
11 -7
12 -11
3 -9
2 11
5 4
6 -4
1 -9
8 -11
12 4
7 5
7 -3
12 -9
11 -5
12 6
3 -3
9 5
3 9
4 -6
5 -7
11 -6
12 8
2 -7
2 -11
4 9
3 1
2 -7
1 7
4 12
8 -10
13 14
1 1
10 -7
2 12
4 12
2 13
4 4
8 -9
12 -12
4 1
10 8
4 2
2 -5
10 8
11 2
13 1
13 -2
13 4
12 -9
1 -10
11 11
10 -9
13 3
7 -7
6 -9
9 9
13 6
2 -11
1 -3
11 5
13 -11
9 13
9 -5
14 10
9 11
1 -11
7 12
1 2
14 -3
5 -9
8 -5
7 5
9 -9
6 -1
14 16
13 -14
10 10
6 5
12 -2
13 -2
11 -2
3 -3
4 -3
10 -13
14 5
11 8
9 -1
9 2
14 9
4 10
7 14
14 4
13 12
4 -8
2 5
12 -6
14 15
4 8
5 13
2 -3
3 -3
9 -1
7 -12
10 -1
2 -2
13 -7
2 8
6 4
1 7
3 -11
10 -7
8 -3
14 3
6 -8
4 -13
10 14
15 7
12 -9
14 -6
2 -8
7 7
15 -11
12 -6
4 -12
15 2
3 -9
8 9
15 10
8 9
10 -10
7 -8
4 -9
14 9
12 -10
9 12
3 5
2 -7
2 -9
15 12
3 7
6 -4
12 7
13 -15
2 9
4 -7
7 -2
15 1
5 -5
4 10
5 8
5 3
15 15
1 -6
1 -4
10 9
2 -13
12 1
14 7
10 -2
2 -5
5 7
3 12
6 -14
6 -4
4 -4
8 2
14 -4
16 6
4 -5
15 -12
16 8
15 13
7 -9
14 -13
16 9
2 15
12 -9
3 3
12 11
15 -16
9 12
10 -13
11 -15
2 -10
16 12
3 15
2 14
4 -3
11 -7
10 -10
12 3
4 1
2 -6
1 6
7 -8
8 13
9 2
16 17
1 -10
16 7
15 12
3 -8
16 -6
14 -10
9 -1
9 9
6 -15
9 2
6 -5
15 -16
14 -6
4 -13
12 1
6 -7
10 -11
16 6
14 16
5 16
4 15
11 -7
12 10
6 10
17 16
12 5
1 4
12 8
5 -2
6 -11
14 12
11 2
2 13
3 -16
11 15
14 6
3 15
1 2
7 -12
15 16
10 14
17 8
11 -9
14 7
1 10
14 -6
14 12
12 1
13 -12
2 7
17 19
7 17
3 -7
8 -2
15 -6
16 9
14 -15
13 3
1 -11
13 1
9 -3
5 3
10 -11
14 -1
9 -4
9 -1
14 -13
7 15
10 2
3 4
17 3
10 5
6 -14
8 4
17 12
17 7
2 -13
2 4
17 -3
2 -16
11 10
15 6
1 -8
2 -1
3 10
7 -11
5 6
18 9
1 -6
2 8
9 -11
10 12
15 6
1 -17
10 -2
4 -18
15 1
18 18
10 4
15 18
8 8
16 4
9 18
18 13
11 13
14 8
6 -2
2 -2
9 -10
4 13
17 18
2 17
12 2
1 -16
3 -17
8 5
18 3
16 7
12 11
8 7
18 15
11 5
3 -15
18 12
13 -8
16 1
5 -8
4 4
2 -13
13 -8
13 12
8 -9
13 4
12 13
9 -18
5 -4
18 12
7 7
7 13
5 -17
9 11
8 9
5 -4
14 -14
9 18
16 -15
16 6
1 12
9 7
19 6
12 -15
2 -1
9 15
7 8
17 10
19 10
19 14
4 -3
16 18
5 -11
7 12
17 5
7 15
15 4
2 19
5 -11
7 6
19 17
17 -6
10 4
2 1
19 12
13 10
19 15
13 2
6 12
6 -2
10 -1
15 -2
7 -6
13 18
2 1
7 3
10 10
19 8
1 -16
9 5
7 -8
19 -5
10 -9
15 19
2 -17
15 -3
19 5
14 19
2 -16
11 -14
6 -3
17 -18
20 14
13 4
18 11
9 -18
6 12
19 18
3 1
5 -5
1 -12
13 -8
1 -13
12 -18
8 17
12 -4
6 16
20 15
12 19
12 20
16 9
6 1
4 -4
10 -8
8 -20
11 -15
5 -5
15 20
13 -15
14 2
14 10
8 12
3 -9
20 15
17 -20
18 2
14 -1
19 11
6 12
8 -19
7 20
3 6
10 -1
3 -18
5 1
15 4
18 -12
8 19
19 12
20 10
18 -20
14 -3
1 3
16 13
18 1
13 -12
13 10
18 -15
12 7
8 2
20 10
12 18
8 -18
11 18
7 10
10 -5
14 -13
13 -2
1 -16
14 -7
19 16
21 11
20 -12
5 -18
17 -1
18 14
2 -8
10 11
19 -4
1 13
1 20
2 -15
6 11
21 6
11 -19
6 13
19 8
9 13
2 -10
3 4
21 11
10 19
17 -3
20 -20
17 -10
13 19
17 13
18 11
18 10
17 16
2 -2
15 -20
21 1
21 -3
21 1
4 -5
22 15
3 22
2 4
22 -2
3 15
15 10
22 -15
17 16
14 19
18 -22
19 -2
12 -14
12 4
22 18
19 -16
6 7
22 1
16 -18
22 9
7 7
4 -12
12 7
9 10
1 18
7 10
4 13
7 -17
19 1
22 1
15 16
22 4
11 20
14 -11
12 -5
18 17
23 7
8 21
12 6
20 -14
18 -2
18 16
6 -19
15 17
23 19
23 -14
10 -22
23 19
7 -4
10 3
14 -16
18 -12
7 21
10 -4
12 2
21 11
11 -23
6 -23
19 9
14 -2
15 2
4 -2
10 16
21 15
23 11
12 12
15 -11
3 9
10 1
7 -23
17 23
10 17
4 4
17 -22
3 -23
8 15
23 10
7 5
3 -2
15 -16
2 14
2 -19
20 7
6 -22
14 13
23 18
18 -11
23 1
6 -12
24 19
4 6
3 -24
7 10
19 2
24 -12
20 17
13 14
3 9
21 -20
21 24
18 -16
8 -19
21 -6
15 5
14 2
4 10
16 -12
6 15
8 -24
24 3
8 -1
7 16
21 -14
24 18
4 -6
17 9
21 16
1 -24
24 -4
2 5
13 17
24 24
18 1
11 -16
12 -3
24 -12
23 -10
24 -2
3 9
9 22
1 14
5 5
24 2
24 7
1 5
24 2
4 19
5 -13
0 0