1
5,11,0.000464758,1
3
5,5,0.00125108,3
3
5,12,0.000522726,3
3
5,3,0.000378706,3
4
5,2,0.000174682,4
2
6,11,0.000224391,2
2
6,17,0.000142209,2
4
6,4,0.000604303,4
6
6,2,0.000584998,6
2
6,14,0.000190685,2
3
7,10,0.000746567,3
5
7,6,0.00091161,5
7
7,2,0.000993022,7
6
7,3,0.000756033,6
6
7,1,0.000839379,6
2
8,13,0.000848193,2
3
8,19,0.000836507,3
4
8,16,0.000937191,4
5
8,6,0.00111075,5
7
8,10,0.00192452,7
7
9,14,0.00342983,7
4
9,15,0.00131098,4
3
9,11,0.00266589,3
6
9,10,0.00420118,6
6
9,6,0.0024672,6
6
10,12,0.00312717,6
5
10,14,0.00271738,5
6
10,13,0.00191002,6
4
10,18,0.00247052,4
6
10,17,0.00337363,6
6
11,15,0.00289031,6
7
11,12,0.00802161,7
7
11,13,0.00321932,7
9
11,7,0.00531942,9
6
11,12,0.00523345,6
9
12,10,0.00957082,9
8
12,15,0.00679975,8
9
12,4,0.00769337,9
9
12,6,0.0123357,9
10
12,8,0.0264223,10
7
13,14,0.0298889,7
12
13,1,0.0129713,12
11
13,4,0.0131913,11
11
13,3,0.0121138,11
10
13,6,0.0384844,10
10
14,10,0.0321928,10
9
14,16,0.0287377,9
12
14,4,0.0317997,12
10
14,15,0.079916,10
12
14,3,0.0392545,12
11
15,7,0.0348709,11
14
15,2,0.0488512,14
11
15,10,0.0530267,11
11
15,12,0.0615335,11
11
15,15,0.0971745,11
12
16,6,0.0577255,12
12
16,9,0.0586376,12
11
16,12,0.203587,11
10
16,17,0.0720697,10
15
16,6,0.220433,15
12
17,16,0.282551,12
14
17,8,0.0589277,14
10
17,19,0.132561,10
16
17,3,0.0448027,16
13
17,12,0.292311,13
13
18,9,0.947832,13
13
18,18,0.565065,13
18
18,3,0.0519756,18
12
18,15,0.276086,12
15
18,12,0.178797,15
17
19,6,0.31547,17
15
19,14,0.877189,15
15
19,12,0.887679,15
13
19,8,1.0098,13
15
19,5,0.41998,15
15
20,14,0.756587,15
15
20,15,0.905552,15
15
20,15,0.56603,15
17
20,10,0.158665,17
15
20,10,1.65084,15
16
21,11,2.17905,16
19
21,6,0.378877,19
18
21,11,0.900493,18
20
21,1,0.119959,20
20
21,1,0.395715,20
18
22,15,0.377585,18
21
22,1,0.146597,21
20
22,9,0.691784,20
22
22,1,0.151816,22
20
22,4,0.514073,20
20
23,7,0.897393,20
18
23,19,0.677384,18
19
23,11,1.21148,19
19
23,10,0.99092,19
22
23,1,0.424359,22
20
24,19,0.21672,20
22
24,3,1.33442,22
19
24,18,8.06336,19
24
24,2,0.236367,24
23
24,2,0.845679,23
