1
5,11,0.000468935,1
3
5,5,0.00131102,3
3
5,12,0.000150666,3
3
5,3,0.000289588,3
4
5,2,0.000204306,4
2
6,11,0.000230656,2
2
6,17,0.000142253,2
4
6,4,0.000711968,4
6
6,2,0.000982702,6
2
6,14,0.000194327,2
3
7,10,0.000726997,3
5
7,6,0.0012089,5
7
7,2,0.00214797,7
6
7,3,0.00161089,6
6
7,1,0.00142622,6
2
8,13,0.000850189,2
3
8,19,0.000840776,3
4
8,16,0.00122691,4
5
8,6,0.00170768,5
7
8,10,0.00218925,7
7
9,14,0.00420901,7
4
9,15,0.00208238,4
3
9,11,0.00274589,3
6
9,10,0.00434275,6
6
9,6,0.00343957,6
6
10,12,0.00392755,6
5
10,14,0.00319857,5
6
10,13,0.00230876,6
4
10,18,0.0025975,4
6
10,17,0.004645,6
6
11,15,0.00311918,6
7
11,12,0.0142243,7
7
11,13,0.00652578,7
9
11,7,0.0198647,9
6
11,12,0.00692844,6
9
12,10,0.0211203,9
8
12,15,0.0127089,8
9
12,4,0.0642352,9
9
12,6,0.0369973,9
10
12,8,0.0904238,10
7
13,14,0.0457703,7
12
13,1,0.425858,12
11
13,4,0.294444,11
11
13,3,0.172192,11
10
13,6,0.193963,10
10
14,10,0.182669,10
9
14,16,0.049816,9
12
14,4,0.397884,12
10
14,15,0.147308,10
12
14,3,0.626063,12
11
15,7,0.653986,11
14
15,2,1.41571,14
11
15,10,0.187659,11
11
15,12,0.278306,11
11
15,15,0.246983,11
12
16,6,1.01297,12
12
16,9,0.648061,12
11
16,12,0.506722,11
10
16,17,0.325842,10
15
16,6,2.44873,15
12
17,16,0.693168,12
14
17,8,3.29549,14
10
17,19,0.419712,10
16
17,3,5.96332,16
13
17,12,2.20451,13
13
18,9,7.86436,13
13
18,18,1.9845,13
18
18,3,14.9339,18
12
18,15,1.22853,12
15
18,12,1.38773,15
17
19,6,16.1693,17
15
19,14,5.25802,15
15
19,12,11.0201,15
13
19,8,14.2191,13
15
19,5,24.6236,15
15
20,14,6.43866,15
15
20,15,4.71476,15
15
20,15,5.53051,15
17
20,10,19.0899,17
15
20,10,15.6839,15
16
21,11,58.5381,16
19
21,6,92.2941,19
18
21,11,26.8137,18
