1
5,11,0.000474091,1
3
5,5,0.0013239,3
3
5,12,0.000525782,3
3
5,3,0.00116262,3
4
5,2,0.000752447,4
2
6,11,0.00100909,2
2
6,17,0.000603191,2
4
6,4,0.00294877,4
6
6,2,0.00295336,6
2
6,14,0.000827935,2
3
7,10,0.00346192,3
5
7,6,0.00436414,5
7
7,2,0.00419739,7
6
7,3,0.00300002,6
6
7,1,0.00270535,6
2
8,13,0.00234751,2
3
8,19,0.00192261,3
4
8,16,0.00216644,4
5
8,6,0.00219313,5
7
8,10,0.00351326,7
7
9,14,0.00521987,7
4
9,15,0.00190179,4
3
9,11,0.00346332,3
6
9,10,0.00489965,6
6
9,6,0.00268268,6
6
10,12,0.00324494,6
5
10,14,0.00280147,5
6
10,13,0.00198208,6
4
10,18,0.00253266,4
6
10,17,0.00346586,6
6
11,15,0.00287804,6
7
11,12,0.00852364,7
7
11,13,0.00336872,7
9
11,7,0.00521294,9
6
11,12,0.00610145,6
9
12,10,0.0105469,9
8
12,15,0.00714532,8
9
12,4,0.00834931,9
9
12,6,0.0132098,9
10
12,8,0.0278886,10
7
13,14,0.0320182,7
12
13,1,0.0131771,12
11
13,4,0.0137672,11
11
13,3,0.012731,11
10
13,6,0.0403523,10
10
14,10,0.0342614,10
9
14,16,0.0295461,9
12
14,4,0.0349728,12
10
14,15,0.0853335,10
12
14,3,0.0424593,12
11
15,7,0.0370316,11
14
15,2,0.0516252,14
11
15,10,0.05575,11
11
15,12,0.065707,11
11
15,15,0.102878,11
12
16,6,0.060513,12
12
16,9,0.0616333,12
11
16,12,0.212576,11
10
16,17,0.0765672,10
15
16,6,0.231422,15
12
17,16,0.303767,12
14
17,8,0.0624001,14
10
17,19,0.14077,10
16
17,3,0.049643,16
13
17,12,0.314063,13
13
18,9,1.01648,13
13
18,18,0.613893,13
18
18,3,0.057399,18
12
18,15,0.303109,12
15
18,12,0.190225,15
17
19,6,0.339289,17
15
19,14,0.970722,15
15
19,12,0.973961,15
13
19,8,1.09868,13
15
19,5,0.459808,15
15
20,14,0.82889,15
15
20,15,0.989116,15
15
20,15,0.611949,15
17
20,10,0.173773,17
15
20,10,1.79505,15
16
21,11,2.40749,16
19
21,6,0.418436,19
18
21,11,0.976845,18
20
21,1,0.129686,20
20
21,1,0.452384,20
18
22,15,0.410369,18
21
22,1,0.160926,21
20
22,9,0.777151,20
22
22,1,0.167653,22
20
22,4,0.580915,20
20
23,7,1.03166,20
18
23,19,0.75471,18
19
23,11,1.35231,19
19
23,10,1.12334,19
22
23,1,0.48716,22
20
24,19,0.245446,20
22
24,3,1.4693,22
19
24,18,8.8168,19
24
24,2,0.264724,24
23
24,2,0.958186,23
